
************************************************************

startNum => 10,000,000,000,000,000,001
maxTest  => 10,000,000,000,000,001,001


Prime Number => 10,000,000,000,000,000,051
Prime Number => 10,000,000,000,000,000,087
Prime Number => 10,000,000,000,000,000,091
Prime Number => 10,000,000,000,000,000,097
Prime Number => 10,000,000,000,000,000,099
Prime Number => 10,000,000,000,000,000,147
Prime Number => 10,000,000,000,000,000,169
Prime Number => 10,000,000,000,000,000,273
Prime Number => 10,000,000,000,000,000,297
Prime Number => 10,000,000,000,000,000,307
Prime Number => 10,000,000,000,000,000,381
Prime Number => 10,000,000,000,000,000,391
Prime Number => 10,000,000,000,000,000,423
Prime Number => 10,000,000,000,000,000,483
Prime Number => 10,000,000,000,000,000,489
Prime Number => 10,000,000,000,000,000,553
Prime Number => 10,000,000,000,000,000,589
Prime Number => 10,000,000,000,000,000,603
Prime Number => 10,000,000,000,000,000,631
Prime Number => 10,000,000,000,000,000,667
Prime Number => 10,000,000,000,000,000,699
Prime Number => 10,000,000,000,000,000,721
Prime Number => 10,000,000,000,000,000,741
Prime Number => 10,000,000,000,000,000,763
Prime Number => 10,000,000,000,000,000,787
Prime Number => 10,000,000,000,000,000,891
Prime Number => 10,000,000,000,000,000,951
Prime Number => 10,000,000,000,000,000,987

************************************************************

